# 3dvolreg matrices (DICOM-to-DICOM, row-by-row):
            1  -1.46759e-06   2.03203e-05    0.00126534   1.46349e-06             1    0.00020178   -0.00676648  -2.03206e-05   -0.00020178             1   -0.00530079
            1   0.000171028  -0.000733903     0.0355542  -0.000170698             1   0.000450009    -0.0262158    0.00073398  -0.000449884             1   2.55451e-05
            1    -5.482e-05  -0.000616294     0.0339584    5.4608e-05             1  -0.000343936    -0.0252607   0.000616312   0.000343902             1     -0.014579
            1   0.000256652  -0.000263048      0.024343   -0.00025639      0.999999   0.000996206    -0.0163154   0.000263303  -0.000996139      0.999999    -0.0459495
            1   2.46182e-05  -0.000896975     0.0417001  -2.43676e-05             1   0.000279406    -0.0505178   0.000896981  -0.000279384             1    0.00833307
            1   0.000191796  -0.000228196     0.0228683  -0.000191623             1   0.000757585    -0.0321217   0.000228342  -0.000757541             1    -0.0718961
            1   0.000206304  -0.000747845     0.0538972   -0.00020554      0.999999    0.00102237    -0.0534951   0.000748056   -0.00102222      0.999999    -0.0373617
            1  -2.66486e-05  -0.000637197     0.0498682   2.67914e-05             1   0.000224027     -0.050992   0.000637191  -0.000224044             1    -0.0629397
            1   0.000324118  -0.000567778     0.0521934  -0.000323316      0.999999    0.00141217     -0.044385   0.000568235   -0.00141198      0.999999    -0.0560714
            1    2.2675e-05  -0.000823747     0.0613457  -2.24196e-05             1    0.00030997     -0.057184   0.000823754  -0.000309952             1    -0.0299944
            1   0.000312048  -0.000299793     0.0336979  -0.000311681      0.999999    0.00122498    -0.0410793   0.000300175   -0.00122488      0.999999    -0.0937074
            1    0.00022009  -0.000939611     0.0649615  -0.000219301             1   0.000839597    -0.0793845   0.000939796  -0.000839391      0.999999    -0.0371255
            1   0.000215395   -0.00026671     0.0387218  -0.000215251             1   0.000542643    -0.0669588   0.000266827  -0.000542585             1     -0.053534
            1   0.000361864  -0.000314082     0.0455181  -0.000361432      0.999999    0.00137637    -0.0664464   0.000314579   -0.00137626      0.999999    -0.0388753
            1   0.000109951  -0.000408608     0.0469695  -0.000109823             1   0.000314614    -0.0777641   0.000408642  -0.000314569             1    -0.0307099
            1   0.000379874  -5.06006e-05     0.0333714  -0.000379783      0.999998    0.00178284     -0.067367   5.12778e-05   -0.00178282      0.999998    -0.0697584
            1   0.000262941  -0.000526406     0.0505419   -0.00026244             1   0.000951934    -0.0901914   0.000526656  -0.000951795      0.999999    -0.0239662
            1   0.000281877   0.000410681    0.00917473  -0.000282456      0.999999    0.00140852    -0.0707989  -0.000410284   -0.00140863      0.999999     -0.062269
            1   0.000407905  -0.000227728      0.041672  -0.000407546      0.999999    0.00157524    -0.0878074    0.00022837   -0.00157514      0.999999    -0.0115231
            1   0.000167724   0.000156217     0.0288508  -0.000167876             1   0.000969953     -0.085651  -0.000156055  -0.000969979             1    -0.0373019
     0.999999   0.000330347     0.0010456    0.00797648  -0.000333515      0.999995    0.00303129    -0.0743204    -0.0010446   -0.00303164      0.999995    -0.0441264
     0.999995   -0.00052069    0.00324799     -0.144285   0.000523607      0.999999  -0.000897177    -0.0387436   -0.00324752   0.000898872      0.999994   -0.00119463
     0.999997  -0.000248649    0.00236462    -0.0716991   0.000249732             1   -0.00045743    -0.0626391   -0.00236451   0.000458019      0.999997     0.0182455
     0.999997   -0.00028719    0.00226125    -0.0574424   0.000288898             1  -0.000755157    -0.0574755   -0.00226103   0.000755809      0.999997     0.0311355
     0.999996  -0.000179948    0.00280885    -0.0787886   0.000178288             1   0.000591189    -0.0526687   -0.00280896  -0.000590685      0.999996    0.00742429
     0.999999  -8.88107e-05    0.00155157    -0.0354466    8.8961e-05             1  -9.68301e-05    -0.0810978   -0.00155156    9.6968e-05      0.999999     0.0354635
     0.999997   5.77259e-05    0.00260765    -0.0845914  -5.89362e-05             1    0.00046405    -0.0550765   -0.00260762  -0.000464202      0.999996    -0.0304868
     0.999998   0.000207531    0.00175137    -0.0400843  -0.000208575             1   0.000596235    -0.0754347   -0.00175124  -0.000596599      0.999998   -0.00265823
     0.999999   8.80583e-05    0.00171272    -0.0320938   -8.7359e-05             1  -0.000408373     -0.068596   -0.00171276   0.000408223      0.999998   -0.00722338
     0.999997    0.00012039    0.00228242    -0.0614879  -0.000122196             1   0.000791463    -0.0577975   -0.00228233   -0.00079174      0.999997    -0.0304132
     0.999999   7.04421e-05    0.00141531    -0.0138587  -7.04416e-05             1  -4.43488e-07    -0.0821132   -0.00141531   3.43791e-07      0.999999     0.0247478
     0.999998   5.01796e-05    0.00222027    -0.0460722  -5.08428e-05             1    0.00029866    -0.0547738   -0.00222026  -0.000298773      0.999997    -0.0283142
     0.999998   2.88626e-06    0.00178014    -0.0191542  -3.81612e-06             1   0.000522348    -0.0653284   -0.00178014  -0.000522354      0.999998   -0.00983399
     0.999999   2.02218e-05    0.00157228   -0.00428795  -2.00212e-05             1  -0.000127559    -0.0724199   -0.00157228   0.000127527      0.999999    0.00976624
     0.999997  -2.58549e-05    0.00234245     -0.043992   2.37654e-05             1   0.000892051     -0.058263   -0.00234247  -0.000891993      0.999997    -0.0332319
     0.999999  -8.73807e-05    0.00151625  -0.000480147   8.68255e-05             1   0.000366221    -0.0806954   -0.00151628  -0.000366089      0.999999     0.0233914
     0.999998  -8.07839e-05    0.00216728    -0.0336969   7.98188e-05             1   0.000445398    -0.0644826   -0.00216732  -0.000445224      0.999998    -0.0245728
     0.999997   4.76335e-05    0.00241316    -0.0537962  -5.06794e-05      0.999999    0.00126216     -0.068919    -0.0024131   -0.00126228      0.999996    -0.0203975
     0.999998  -2.50591e-05    0.00177052    -0.0194162   2.44633e-05             1   0.000336519    -0.0889004   -0.00177053  -0.000336475      0.999998     0.0364338
     0.999996   4.56291e-05    0.00283584    -0.0735146  -4.90078e-05      0.999999    0.00119138    -0.0583378   -0.00283578   -0.00119152      0.999995    -0.0191096
     0.999998   8.98905e-05    0.00188259    -0.0201918  -9.16089e-05             1   0.000912725     -0.073542   -0.00188251  -0.000912896      0.999998     0.0285091
     0.999997  -6.09299e-05    0.00240209    -0.0471854   5.96556e-05             1   0.000530543    -0.0582151   -0.00240212  -0.000530398      0.999997    -0.0136747
     0.999997  -1.34696e-05    0.00247485    -0.0473719   9.78602e-06      0.999999    0.00148843    -0.0622218   -0.00247486   -0.00148841      0.999996    -0.0196369
     0.999997  -1.56101e-05    0.00225783    -0.0341717   1.40088e-05             1   0.000709257    -0.0836484   -0.00225784  -0.000709223      0.999997    -0.0113443
     0.999996   1.56937e-05    0.00298224    -0.0709383  -2.09606e-05      0.999998    0.00176606    -0.0706232   -0.00298221   -0.00176612      0.999994    -0.0519465
     0.999998   3.00506e-06    0.00185508    -0.0132174  -4.77759e-06             1   0.000955498     -0.100167   -0.00185507  -0.000955505      0.999998    0.00982562
     0.999996   8.49993e-05    0.00275402     -0.055934  -8.96255e-05      0.999999    0.00167972    -0.0757386   -0.00275388   -0.00167996      0.999995     -0.042299
     0.999997   0.000277465    0.00257454    -0.0509068  -0.000282702      0.999998    0.00203412    -0.0951498   -0.00257397   -0.00203484      0.999995    -0.0167199
     0.999997   0.000153978    0.00228632    -0.0338639  -0.000155951             1   0.000862809     -0.105191   -0.00228618  -0.000863163      0.999997     0.0140418
     0.999995   0.000269839    0.00314934    -0.0756933  -0.000276528      0.999998    0.00212378    -0.0868613   -0.00314876   -0.00212464      0.999993    -0.0190086
     0.999998   6.46206e-06    0.00208288    -0.0151075  -8.21799e-06             1   0.000843022     -0.111166   -0.00208287  -0.000843037      0.999997     0.0713179
     0.999996   0.000124511    0.00299073    -0.0659769  -0.000129049      0.999999    0.00151717     -0.085515   -0.00299054   -0.00151755      0.999994    0.00584021
     0.999996   0.000145993     0.0027536    -0.0533987  -0.000151657      0.999998    0.00205662    -0.0894081   -0.00275329   -0.00205703      0.999994    0.00945862
     0.999997   7.97485e-05      0.002305    -0.0305936  -8.23179e-05      0.999999     0.0011146     -0.102771   -0.00230491   -0.00111479      0.999997     0.0373976
     0.999995   0.000144834    0.00307053    -0.0582528  -0.000150971      0.999998    0.00199841    -0.0900849   -0.00307024   -0.00199887      0.999993   -0.00813593
     0.999997    0.00019327    0.00255297    -0.0263785  -0.000198807      0.999998    0.00216877     -0.105434   -0.00255254   -0.00216927      0.999994     0.0166216
     0.999997   2.06878e-05    0.00241724    -0.0256121  -2.38715e-05      0.999999    0.00131705     -0.107827   -0.00241721    -0.0013171      0.999996     0.0496271
     0.999996   2.71742e-05    0.00291748    -0.0538875  -3.39325e-05      0.999997    0.00231647    -0.0953592   -0.00291741   -0.00231656      0.999993    0.00694764
     0.999997    0.00011881    0.00224244    -0.0136708  -0.000123826      0.999997    0.00223685     -0.134321   -0.00224217   -0.00223712      0.999995     0.0552886
     0.999996   2.38075e-05    0.00272116    -0.0384901   -2.9571e-05      0.999998    0.00211799     -0.100162    -0.0027211   -0.00211807      0.999994     0.0291621
     0.999997   3.27766e-05    0.00244076    -0.0252777  -3.88836e-05      0.999997     0.0025021    -0.0997417   -0.00244067   -0.00250219      0.999994     0.0318306
     0.999998  -1.96047e-05    0.00218856    -0.0159497    1.5295e-05      0.999998    0.00196919     -0.120023   -0.00218859   -0.00196915      0.999996     0.0559879
     0.999995   0.000104539    0.00325227    -0.0683737  -0.000114405      0.999995    0.00303378     -0.103933   -0.00325194   -0.00303413       0.99999    -0.0142686
     0.999998   0.000175488    0.00219673    -0.0191926  -0.000181597      0.999996    0.00278083     -0.135769   -0.00219623   -0.00278122      0.999994     0.0309459
     0.999997   0.000181461    0.00232384    -0.0305984  -0.000187615      0.999996    0.00264822     -0.131865   -0.00232335   -0.00264864      0.999994     0.0133241
     0.999997   0.000288257     0.0026299    -0.0447654   -0.00029721      0.999994    0.00340458     -0.114899    -0.0026289   -0.00340535      0.999991    0.00113981
     0.999998   0.000227233    0.00198995    -0.0129136  -0.000232748      0.999996    0.00277154     -0.142202   -0.00198931     -0.002772      0.999994     0.0573408
     0.999997   0.000233171    0.00227288    -0.0246622  -0.000239577      0.999996    0.00281862     -0.134433   -0.00227221   -0.00281916      0.999993     0.0320392
     0.999996   0.000340053    0.00272236    -0.0561042  -0.000349736      0.999994    0.00355695     -0.123871   -0.00272113   -0.00355789       0.99999  -0.000111502
     0.999998   0.000296968    0.00189241   -0.00970421  -0.000302264      0.999996    0.00279901     -0.150127   -0.00189158   -0.00279958      0.999994     0.0524847
     0.999996   0.000344182    0.00267411    -0.0490685  -0.000353143      0.999994    0.00335131      -0.12974   -0.00267294   -0.00335224      0.999991     0.0052606
     0.999997    0.00037523    0.00240432    -0.0389865   -0.00038318      0.999994    0.00330707     -0.136506   -0.00240307   -0.00330798      0.999992     0.0291003
     0.999997   0.000449242    0.00222618    -0.0304144  -0.000455959      0.999995    0.00301756     -0.148079   -0.00222481   -0.00301857      0.999993     0.0622282
     0.999995   0.000551587    0.00297899    -0.0658612  -0.000563261      0.999992     0.0039196     -0.137013   -0.00297681   -0.00392126      0.999988     0.0118611
     0.999998    0.00062556    0.00207848    -0.0188649  -0.000632134      0.999995    0.00316414     -0.160546   -0.00207649   -0.00316544      0.999993     0.0644445
     0.999996   0.000653658    0.00290903     -0.057493  -0.000664169      0.999993    0.00361357     -0.139558   -0.00290664   -0.00361548      0.999989     0.0155894
     0.999997   0.000667197    0.00231784    -0.0250701  -0.000675649      0.999993    0.00364771     -0.151197   -0.00231539   -0.00364926      0.999991     0.0517064
     0.999997    0.00065385     0.0022783    -0.0334138  -0.000661017      0.999995    0.00314605     -0.163085   -0.00227624   -0.00314755      0.999992      0.084064
     0.999996   0.000638159     0.0026416    -0.0476054  -0.000648056      0.999993    0.00374733     -0.142796   -0.00263919   -0.00374902      0.999989     0.0453925
     0.999997    0.00079119    0.00222752    -0.0225689  -0.000800132      0.999992    0.00401626     -0.154907   -0.00222433   -0.00401804      0.999989     0.0467757
     0.999998   0.000678197    0.00197468     -0.012355  -0.000684873      0.999994    0.00338172     -0.171009   -0.00197237   -0.00338307      0.999992     0.0868099
     0.999996   0.000832377    0.00269089    -0.0490877  -0.000843561      0.999991    0.00415803     -0.148792    -0.0026874   -0.00416029      0.999988     0.0351922
     0.999997   0.000857359    0.00220443    -0.0242835  -0.000866085      0.999992    0.00396043     -0.163821   -0.00220102   -0.00396233       0.99999     0.0767454
     0.999998   0.000745795    0.00194704    -0.0122552  -0.000752532      0.999994    0.00346199     -0.162575   -0.00194444   -0.00346345      0.999992     0.0947171
     0.999996   0.000843078    0.00256798    -0.0479664  -0.000853879      0.999991     0.0042078     -0.137457   -0.00256441   -0.00420998      0.999988     0.0391803
     0.999997   0.000940922    0.00218451    -0.0263902  -0.000950636       0.99999    0.00445004     -0.149932    -0.0021803   -0.00445211      0.999988     0.0439454
     0.999998   0.000857899    0.00177328   -0.00865796  -0.000864351      0.999993    0.00364127     -0.170841   -0.00177015    -0.0036428      0.999992     0.0682787
     0.999997     0.0010586    0.00208698    -0.0280449   -0.00106731      0.999991    0.00417319     -0.143256   -0.00208254    -0.0041754      0.999989     0.0368213
     0.999997    0.00103683    0.00218347    -0.0336802   -0.00104647       0.99999    0.00441563     -0.148222   -0.00217887   -0.00441791      0.999988     0.0401362
     0.999998    0.00102902    0.00179213    -0.0135121    -0.0010359      0.999992    0.00384014     -0.168866   -0.00178816   -0.00384199      0.999991     0.0734574
     0.999995    0.00106788    0.00283689     -0.063709   -0.00108124      0.999988    0.00471231     -0.152744   -0.00283182   -0.00471536      0.999985   -0.00798112
     0.999999    0.00126485   0.000547012    -0.0252846   -0.00126779      0.999985    0.00541978     -0.210297  -0.000540149   -0.00542047      0.999985     0.0629898
     0.999987    0.00205992    0.00460353     -0.194697   -0.00206808      0.999996    0.00176741     -0.106999   -0.00459987   -0.00177691      0.999988    -0.0925407
     0.999989    0.00139754    0.00448963     -0.187636   -0.00140268      0.999998    0.00114058     -0.131481   -0.00448803   -0.00114686      0.999989    -0.0328054
     0.999981     0.0015097    0.00592576     -0.219701   -0.00151962      0.999997    0.00166961    -0.0678503   -0.00592322   -0.00167859      0.999981       -0.0564
     0.999989    0.00117695    0.00452595      -0.12262   -0.00118286      0.999998    0.00130293    -0.0859481   -0.00452441   -0.00130827      0.999989  -0.000857301
     0.999987    0.00116344    0.00491406     -0.127472   -0.00116951      0.999999     0.0012318    -0.0743088   -0.00491262   -0.00123753      0.999987    -0.0475543
     0.999988    0.00135371    0.00472831      -0.11112   -0.00136303      0.999997    0.00196733    -0.0841026   -0.00472563   -0.00197375      0.999987    -0.0338344
     0.999988    0.00125506    0.00479854     -0.106432   -0.00126172      0.999998    0.00138528    -0.0814148   -0.00479679   -0.00139132      0.999988    -0.0108745
     0.999985    0.00123135    0.00537632     -0.123041   -0.00124367      0.999997    0.00228828    -0.0794458   -0.00537349   -0.00229493      0.999983    -0.0268669
     0.999986   0.000993839    0.00514989    -0.0932011   -0.00100128      0.999998    0.00144323    -0.0871439   -0.00514845   -0.00144837      0.999986   -0.00326679
     0.999977   0.000692229    0.00678931     -0.109815  -0.000707499      0.999997     0.0022469     -0.137135   -0.00678774   -0.00225165      0.999974    -0.0175148
      0.99993   0.000333884     0.0118445     -0.196658  -0.000475878      0.999928     0.0119873     -0.196708    -0.0118397    -0.0119921      0.999858     -0.315368
     0.999919  -0.000109482     0.0127164     -0.224579  -1.78064e-05       0.99995     0.0100093     -0.167686    -0.0127168    -0.0100087      0.999869     -0.407426
       0.9999   0.000253074     0.0141193     -0.268455  -0.000422562      0.999928     0.0120023     -0.140146    -0.0141153     -0.012007      0.999828     -0.476267
     0.999854  -0.000468904     0.0170736     -0.319894   0.000354361      0.999977    0.00671115     0.0072003    -0.0170764   -0.00670412      0.999832     -0.303465
     0.999831  -0.000957444     0.0183538     -0.332314   0.000826711      0.999974    0.00712919   -0.00139027    -0.0183602   -0.00711281      0.999806     -0.384383
     0.999834   -0.00138568     0.0181586     -0.326096    0.00125671      0.999974    0.00711167     0.0020557     -0.018168   -0.00708767       0.99981     -0.438772
     0.999827   -0.00184864     0.0184973     -0.309115    0.00172566      0.999976    0.00666237    -0.0088831    -0.0185092    -0.0066293      0.999807     -0.445568
     0.999824   -0.00207581     0.0186194     -0.303989    0.00195438      0.999977    0.00653762    -0.0214962    -0.0186325   -0.00650008      0.999805     -0.438451
      0.99984   -0.00207878     0.0177796     -0.273706    0.00199569      0.999987    0.00469004    -0.0721147    -0.0177891   -0.00465381      0.999831     -0.357577
     0.999817   -0.00172289     0.0190327     -0.318604    0.00160526       0.99998    0.00619421    -0.0459529     -0.019043   -0.00616252        0.9998     -0.367517
     0.999827   -0.00189722      0.018511     -0.287576    0.00180544      0.999986    0.00497392    -0.0730983    -0.0185202   -0.00493964      0.999816     -0.268691
     0.999803   -0.00174384     0.0197481     -0.337787    0.00162469       0.99998    0.00604754    -0.0362188    -0.0197582   -0.00601426      0.999787     -0.334013
     0.999813   -0.00182915     0.0192624     -0.317357    0.00172301      0.999983    0.00552559    -0.0432503    -0.0192721   -0.00549136      0.999799     -0.275472
     0.999809   -0.00187908     0.0194317     -0.322582    0.00177317      0.999983    0.00546631    -0.0499481    -0.0194416   -0.00543082      0.999796     -0.262094
     0.999798    -0.0015778     0.0200487     -0.352352     0.0014478      0.999978    0.00649738    -0.0313757    -0.0200585   -0.00646704      0.999778     -0.318495
      0.99981   -0.00169879     0.0194187     -0.325676    0.00158485      0.999981    0.00588153    -0.0550614    -0.0194283   -0.00584963      0.999794     -0.257162
       0.9998   -0.00167684     0.0199118     -0.340662    0.00157193      0.999985    0.00528332    -0.0519363    -0.0199204   -0.00525097      0.999788     -0.264803
     0.999797   -0.00143566     0.0200973     -0.351005    0.00131258       0.99998    0.00613622    -0.0486446    -0.0201057    -0.0061086      0.999779     -0.302564
     0.999812   -0.00181901     0.0192818     -0.312693    0.00172305      0.999986    0.00499225    -0.0812418    -0.0192906   -0.00495809      0.999802     -0.188642
     0.999794   -0.00170712      0.020222     -0.351663    0.00159262      0.999983    0.00567696    -0.0597723    -0.0202313   -0.00564359      0.999779     -0.270638
     0.999801   -0.00156178     0.0198687     -0.346406    0.00144084       0.99998    0.00609972    -0.0728207    -0.0198779   -0.00606988      0.999784     -0.247548
     0.999807   -0.00162849     0.0195744     -0.326514    0.00152089      0.999984    0.00551032    -0.0731596    -0.0195831   -0.00547949      0.999793      -0.22197
      0.99979    -0.0012685     0.0204292     -0.367186    0.00113068      0.999977     0.0067562     -0.057571    -0.0204373   -0.00673169      0.999768     -0.298449
     0.999808   -0.00153635     0.0195277     -0.325035    0.00141623       0.99998    0.00616379    -0.0809163    -0.0195368   -0.00613495       0.99979     -0.246036
     0.999805   -0.00152139     0.0196955     -0.332051    0.00140976      0.999983    0.00568051    -0.0808031    -0.0197038   -0.00565163       0.99979     -0.257744
     0.999803   -0.00156903     0.0197772     -0.349305    0.00146712      0.999986    0.00516654    -0.0849904     -0.019785   -0.00513651      0.999791     -0.179533
     0.999796   -0.00170782     0.0201164       -0.3515    0.00161697      0.999988    0.00453144    -0.0785161    -0.0201239   -0.00449799      0.999787     -0.210724
     0.999789   -0.00173258     0.0204829     -0.354146    0.00161044      0.999981     0.0059782    -0.0448855    -0.0204929   -0.00594395      0.999772     -0.272959
     0.999809   -0.00210957     0.0194437     -0.309426    0.00201954      0.999987    0.00464845    -0.0725372    -0.0194533   -0.00460829        0.9998      -0.19019
     0.999778   -0.00169764     0.0210029     -0.369603    0.00157725      0.999982    0.00574767    -0.0472911    -0.0210123   -0.00571327      0.999763     -0.297268
     0.999809   -0.00211362     0.0194348     -0.300287     0.0020251      0.999987    0.00457345    -0.0715308    -0.0194442   -0.00453322      0.999801     -0.182019
     0.999783   -0.00178094     0.0207459     -0.354201    0.00166463      0.999983    0.00562224    -0.0520395    -0.0207555   -0.00558649      0.999769     -0.282806
     0.999795   -0.00188123     0.0201675     -0.331342    0.00177024      0.999983    0.00551993    -0.0659654    -0.0201776   -0.00548309      0.999781     -0.233672
     0.999801   -0.00191891     0.0198757     -0.313533    0.00181811      0.999985    0.00508837    -0.0631348    -0.0198852   -0.00505122       0.99979     -0.222029
     0.999781   -0.00172602     0.0208454     -0.358471     0.0015993       0.99998     0.0060943    -0.0529611    -0.0208555   -0.00605963      0.999764     -0.279961
     0.999804    -0.0018501      0.019723     -0.307307    0.00174049      0.999983    0.00557312    -0.0793203     -0.019733    -0.0055377       0.99979     -0.206324
      0.99979   -0.00171964     0.0204314     -0.341346    0.00159953      0.999981    0.00589327    -0.0694009    -0.0204412   -0.00585935      0.999774     -0.254835
     0.999789    -0.0016641     0.0204608     -0.344711    0.00153783       0.99998    0.00618532    -0.0762452    -0.0204707   -0.00615255      0.999772     -0.240873
     0.999807   -0.00188621     0.0195586     -0.299536    0.00177996      0.999984    0.00544825    -0.0864723    -0.0195686   -0.00541239      0.999794     -0.173628
     0.999779    -0.0015808     0.0209694      -0.36557    0.00144399      0.999978    0.00653761    -0.0656026    -0.0209793   -0.00650589      0.999759     -0.277402
     0.999809   -0.00194914     0.0194403     -0.294832    0.00184261      0.999983    0.00549625    -0.0940704    -0.0194507   -0.00545938      0.999796     -0.178156
     0.999783   -0.00168169     0.0207434      -0.35027    0.00156094      0.999982     0.0058362    -0.0737103    -0.0207528   -0.00580256      0.999768     -0.245393
     0.999799   -0.00177683     0.0199563     -0.310658    0.00165605       0.99998    0.00606673    -0.0810394    -0.0199666   -0.00603246      0.999782     -0.193159
       0.9998   -0.00211984     0.0198975     -0.310137    0.00201958      0.999985     0.0050575    -0.0843732    -0.0199079    -0.0050163      0.999789     -0.156868
     0.999781   -0.00192497     0.0208521     -0.353434    0.00179567      0.999979     0.0062177    -0.0689739    -0.0208637   -0.00617889      0.999763     -0.224551
     0.999798   -0.00209775     0.0200001     -0.313756    0.00197836       0.99998    0.00598733    -0.0970867    -0.0200123   -0.00594656      0.999782     -0.168997
     0.999794   -0.00209091     0.0201874     -0.316959    0.00197998      0.999983    0.00551363    -0.0937179    -0.0201986   -0.00547252      0.999781     -0.177492
     0.999779     -0.001848     0.0209283     -0.353705    0.00170988      0.999977    0.00661573    -0.0892748      -0.02094   -0.00657848      0.999759     -0.210936
     0.999799    -0.0020774     0.0199453     -0.305933    0.00196302      0.999982    0.00575231     -0.105513    -0.0199569     -0.005712      0.999785     -0.151917
     0.999781   -0.00202475     0.0208313     -0.341737    0.00189981       0.99998    0.00601555    -0.0939044     -0.020843   -0.00597466      0.999765     -0.213525
     0.999791   -0.00194439     0.0203366     -0.321646    0.00181128      0.999977    0.00656213     -0.104694    -0.0203489   -0.00652392      0.999772     -0.208673
     0.999793   -0.00210987     0.0202562     -0.315362     0.0020007      0.999983    0.00540805     -0.101507    -0.0202673    -0.0053664       0.99978      -0.18512
     0.999773   -0.00183466     0.0212479     -0.360076    0.00169055      0.999975    0.00679834    -0.0909076    -0.0212599   -0.00676088      0.999751     -0.235202
     0.999797   -0.00222661     0.0200272     -0.306232    0.00211427      0.999982    0.00562885     -0.114145    -0.0200394   -0.00558536      0.999784     -0.142355
     0.999778   -0.00187123     0.0209987     -0.350309    0.00172952      0.999976    0.00676455    -0.0928476    -0.0210108   -0.00672673      0.999757     -0.234189
     0.999803   -0.00204552      0.019757     -0.294605    0.00192167      0.999978    0.00628552     -0.117724    -0.0197695   -0.00624632      0.999785     -0.149766
      0.99978   -0.00195981      0.020866      -0.33994     0.0018324       0.99998    0.00612362     -0.100565    -0.0208776   -0.00608405      0.999764     -0.195057
     0.999794   -0.00200068     0.0201827     -0.313141     0.0018674      0.999976    0.00661999    -0.0929769    -0.0201955   -0.00658093      0.999774     -0.158148
     0.999795   -0.00228374     0.0201196     -0.314312    0.00217317      0.999982    0.00551563      -0.10372    -0.0201319   -0.00547077      0.999782     -0.149169
      0.99978    -0.0019581     0.0208828     -0.349036    0.00181811      0.999976    0.00672032    -0.0904107    -0.0208954   -0.00668088      0.999759     -0.174162
